1.000000000000000000e+00 1.951162743005092209e-02 2.557714342003964900e-02 1.254383751783357329e-02 6.562964860662853610e-03 6.788462251006386998e-03 1.130247093142506751e-02 7.209205115936988088e-03 1.402326885097694188e-02 1.699963427798904803e-02 4.524738088655493908e-03 8.925964254933466471e-03 1.031397194787489133e-02 1.515157379225848776e-02 4.776010555786366386e-03 2.690388307692210060e-02 1.674057213277294412e-02 2.305548399366059639e-02 1.350710246531432873e-02 4.463946577604996704e-03 1.586209766082652753e-02 1.185069492149619201e-02 2.017912779129816744e-02 1.927104832419406638e-02 9.897181467113064929e-03 1.107541930995979348e-02 7.555860946180795353e-03 6.925350123972695213e-03 3.988791688320459869e-03 4.450353973183043474e-03 1.975919770305813172e-02 1.524026422278607594e-02 1.452242366272092286e-02 5.294080361197598360e-03 1.520370625866487510e-02 1.267441952513751954e-02 1.264831294515844640e-02 1.099091252004523629e-02 4.699581080270953497e-03 7.915129221548997812e-03 9.219523340357471675e-03 1.413928782629391562e-02 1.096463362524735877e-02 2.183441003207660727e-02 2.000786491175056067e-02 2.631861463135392806e-02 9.831299799352644780e-03 1.521782074825104268e-02 1.077379699740787372e-02 1.770571581473915843e-02
1.951162743005092209e-02 1.000000000000000000e+00 1.305332752394008228e-02 1.508962912672332825e-02 1.717143081114712658e-02 7.327025975065559575e-03 1.874863104882391884e-02 6.690182599318185604e-03 7.036652112306148767e-03 1.530738206659227468e-02 9.142759588905608609e-03 1.054268509350755716e-02 7.376502989598385934e-03 2.513853182317556459e-02 1.067974933194668595e-02 1.013034225966748594e-02 2.597730029401593144e-02 1.469084573689277001e-02 1.120949411522252810e-02 1.601130844282713447e-02 6.251043511419214667e-03 7.328123857127371438e-03 2.129700396054864595e-02 1.631710094165931060e-02 1.375688578798098596e-02 1.802574331300804689e-02 7.960269570385642215e-03 6.778545633102378218e-03 9.214652754062390913e-03 1.720594424714977366e-02 9.758978754560070426e-03 1.056277387161529135e-02 1.057511585569399781e-02 3.098825245756417750e-03 4.044870696261317587e-03 1.085954315420681500e-02 8.520921086303284708e-03 1.380278022777089650e-02 1.322148630313717092e-02 9.845910370178798457e-03 1.727647377780662866e-02 1.861960424660614316e-02 1.043406652691200413e-02 1.685450268106031615e-02 2.413710743141244189e-02 1.564238880082536101e-02 2.292676927172532589e-02 1.860535728183557169e-02 1.100294938446289006e-02 2.121730116036943392e-02
2.557714342003964900e-02 1.305332752394008228e-02 1.000000000000000000e+00 2.125381967281184462e-02 1.813859190961918458e-02 9.047882233812849437e-03 1.643235604888946405e-02 7.421773035586776146e-03 2.496147100079139369e-02 2.123834578150798555e-02 1.919439117451519558e-02 1.132566441714383948e-02 6.888054297437809850e-03 2.877259434611975641e-02 1.388883627854220829e-02 1.058408899490315136e-02 1.598770637811576870e-02 5.138137057258265923e-03 5.686473683094325944e-03 4.669264779359087909e-03 6.285578376717091548e-03 1.209991035174802325e-02 1.708800274444096517e-02 9.585114527988386132e-03 6.448787403731460685e-03 3.047480125548578112e-02 9.134878152508043442e-03 1.007826586316279763e-02 7.573252852376412443e-03 2.077070126607712119e-02 2.419965919116373772e-03 9.466795828551545153e-03 1.220946527163555180e-02 1.727970490612781157e-02 1.735494325288977971e-02 1.687137956936068245e-02 2.656476930668813345e-03 1.104831205530147804e-02 2.537728453222807407e-02 1.915169789529719974e-02 1.163163953221143902e-02 1.598372707316335697e-02 9.633158042113435307e-03 2.300012091918295087e-02 9.214257758331170431e-03 1.416098304953844131e-02 1.587925522439357154e-02 9.617198246136942838e-03 2.145578911559212210e-02 1.719665912160842428e-02
1.254383751783357329e-02 1.508962912672332825e-02 2.125381967281184462e-02 1.000000000000000000e+00 2.229606047145744896e-02 1.345527902130523763e-02 2.777362734208371417e-02 2.465515523178671287e-02 7.976326966816490310e-03 9.617229227978156894e-03 4.803659783819405268e-03 1.170839278452419190e-02 4.045666349588406679e-03 1.971479801771947732e-02 1.939890544286219931e-02 1.631973275138490914e-02 2.099100600426199656e-02 1.124769545422180106e-02 1.000160486117735413e-02 1.489773868987112962e-02 1.809594992169256608e-02 1.882717246249326903e-02 1.412189949531901523e-02 2.214982149301474024e-02 3.192921283901470949e-03 1.063744239072128908e-02 9.723897892014240693e-03 6.328649192691847281e-03 1.307719007828879107e-02 1.781450496170457545e-02 1.296392997175375462e-02 9.391001208720063317e-03 1.573449831655058390e-02 1.879726520153261055e-02 1.849348293733530518e-02 1.313044711122186500e-02 1.553557499003720838e-02 1.805380460690714922e-02 9.147375354745997458e-03 1.376258345253127124e-02 1.952926392285721235e-02 1.076680748302588989e-02 1.777155117141917401e-02 1.639766235631616442e-02 2.401658169200816470e-02 3.495988828368620880e-03 2.921680545930988721e-02 9.191402187821374331e-03 1.932351836021523397e-02 1.936532919576033560e-02
6.562964860662853610e-03 1.717143081114712658e-02 1.813859190961918458e-02 2.229606047145744896e-02 1.000000000000000000e+00 1.909201783054708182e-02 8.537619283840525500e-03 1.102796344579317148e-02 2.115003278976911039e-02 2.236498888098601995e-03 1.229915965780807932e-02 1.171859874417995051e-02 1.994938713418487400e-02 2.958124722235101756e-02 9.383339436908310835e-03 2.028392984788964307e-02 1.593203316935157959e-02 1.527287800820745743e-02 4.654952036403582800e-03 1.219834997412246567e-02 1.851121076963171616e-02 1.956360671161092024e-02 1.568478236978714663e-02 1.196035191892799894e-02 7.930146163965080125e-03 1.367974117612639172e-02 1.278780776399910009e-02 9.400442302947226506e-03 2.697403307970984779e-02 1.620034848296689201e-02 8.755900117047327180e-03 1.220494748098949374e-02 1.442322376585182531e-02 1.078175367917740858e-02 1.920986930302171977e-02 7.913696776145213649e-03 1.468412802107701455e-02 3.037669189783490445e-02 1.346827297258028529e-02 1.530569127255144123e-02 1.129364242563598610e-02 4.318432515996699014e-03 8.258653414747288077e-03 1.241376534230934775e-02 1.373970327952500452e-02 1.573788094312245783e-02 1.221989873953418376e-02 1.118369002720667922e-02 2.300240405802773599e-03 6.768664463288252137e-03
6.788462251006386998e-03 7.327025975065559575e-03 9.047882233812849437e-03 1.345527902130523763e-02 1.909201783054708182e-02 1.000000000000000000e+00 1.556863127871111613e-02 1.429740663887654056e-02 1.470609173519815509e-02 9.917839649784427128e-03 1.273318615813330730e-02 1.111999014734985948e-02 1.164496742602664364e-02 8.215185804774873327e-03 3.553809207165697232e-02 1.442341767830078968e-02 1.492892706371151679e-02 2.437835221923121548e-03 1.279068173519302444e-02 2.343820456186404555e-02 1.464484755225907257e-02 5.424890915943416519e-03 1.732495176012879834e-02 5.557772832230143192e-03 2.961072554446695856e-02 4.111321194328774672e-03 8.935852198586396664e-03 9.762336227797312194e-03 2.052353077494228906e-02 1.044254377412792006e-02 1.115055142099913819e-02 8.483453783507869869e-03 8.424786768776832205e-03 1.580045529585332939e-02 1.711494862300811520e-02 1.552541045271091033e-02 6.517198312139370862e-03 1.504537984166808007e-02 1.221992095150918438e-02 1.800371504487059682e-02 2.140574133077902466e-02 1.524214590575636262e-02 1.844477602801880556e-02 1.848015814191570835e-02 6.472831962757408589e-03 2.349681140171657953e-02 2.039252770246906959e-02 1.905995240212255207e-02 1.367629908372850443e-02 1.000111184180612484e-02
1.130247093142506751e-02 1.874863104882391884e-02 1.643235604888946405e-02 2.777362734208371417e-02 8.537619283840525500e-03 1.556863127871111613e-02 1.000000000000000000e+00 1.432069132179392829e-02 1.404548223158012289e-02 5.880977237069924361e-03 1.031030841308974537e-02 2.793336478025812766e-02 6.966959692105896898e-03 6.251480886972509560e-03 1.454279636064780695e-02 5.019689248458544459e-03 3.081130346377992241e-02 1.831430242577927747e-02 1.731870249246206250e-02 1.119813097241839292e-02 1.313120481841493353e-02 2.031497698106699348e-02 2.059023095178363905e-02 1.883526433691076751e-02 6.942224688055498305e-03 6.075318147952367062e-03 1.239451017859468859e-02 1.938945158530447702e-02 1.175411444101274495e-02 2.590163511116251680e-03 2.107817027211877220e-02 1.655926711706804180e-02 3.099750644805828598e-02 2.132056769633811077e-02 5.658198669718276196e-03 1.026658050139292976e-02 1.024362840854679650e-02 2.621677661053788480e-02 1.375701653075090368e-02 1.548370798799852607e-02 1.553017500563455729e-02 2.115366198853241980e-02 1.780282574407110810e-02 1.006986108715894786e-02 1.888914793563623712e-02 7.207621702342221701e-03 1.060678077833005113e-02 3.007614926662182525e-02 1.047325137652806160e-02 1.208440389073913053e-02
7.209205115936988088e-03 6.690182599318185604e-03 7.421773035586776146e-03 2.465515523178671287e-02 1.102796344579317148e-02 1.429740663887654056e-02 1.432069132179392829e-02 1.000000000000000000e+00 8.906463583056377364e-03 2.704135415570050119e-02 2.663588147465470804e-02 1.809240821350822578e-02 5.420159595845699951e-03 1.392307033319074329e-02 9.501650111642997304e-03 9.689102494480036562e-03 1.732186682013680742e-02 1.668111254402759869e-02 1.492575475230856555e-02 1.156201026607564172e-02 6.507457122752524636e-03 4.685799673777291813e-03 1.662731184553528987e-02 1.008730212909635451e-02 1.718233993216932223e-02 2.319716483233121018e-02 1.439611176473024057e-02 1.720624300830146669e-02 1.643957525267931291e-02 1.851890800995177611e-02 1.432863373808308805e-02 1.307253588833423227e-02 1.245312650447489948e-02 4.205533724525511649e-03 1.570202872292298865e-02 2.345578283147779081e-02 6.391535293824781618e-03 1.180386818048861225e-02 1.303533231432324815e-02 1.005056193325076265e-02 1.496059822180958315e-02 1.709724907244403180e-02 1.048588255593675689e-02 2.530275750044941666e-02 9.630628519504991561e-03 1.707072248136504503e-02 2.590212379794487943e-02 6.921985305054799420e-03 6.156187862327050508e-03 1.126425604877104823e-02
1.402326885097694188e-02 7.036652112306148767e-03 2.496147100079139369e-02 7.976326966816490310e-03 2.115003278976911039e-02 1.470609173519815509e-02 1.404548223158012289e-02 8.906463583056377364e-03 1.000000000000000000e+00 2.108611030147007279e-02 1.425675880926908536e-02 1.845069093380138567e-02 1.368163693333726907e-02 9.262061963879257911e-03 3.303305646601499643e-03 1.212505523116316243e-02 2.266262853382392320e-02 1.034475191059238373e-02 1.064494523741961289e-02 2.162270404273566524e-02 6.270061474573587409e-03 7.611681359401744826e-03 1.760850273657043122e-02 6.642121775227921750e-03 9.431214905205435178e-03 1.326671334131696717e-02 1.034227417029424945e-02 2.085289617407152379e-02 7.224391266175997188e-03 4.470826965250785344e-03 8.282038218627111453e-03 9.861007702545448658e-03 1.131384733510434545e-02 1.295177905459070009e-02 8.948009591841707411e-03 1.683476713991680085e-02 1.201381227698313132e-02 5.741599423517647176e-03 5.765049564165283455e-03 2.860202702958370563e-02 8.163797397201811787e-03 1.408460150768463086e-02 9.564448031889816876e-03 2.220010025778408266e-02 1.637454748795102652e-02 2.075099241260705205e-02 2.165955763923624322e-02 2.656699451042210738e-02 2.718383824135658152e-03 2.803880741444119556e-02
1.699963427798904803e-02 1.530738206659227468e-02 2.123834578150798555e-02 9.617229227978156894e-03 2.236498888098601995e-03 9.917839649784427128e-03 5.880977237069924361e-03 2.704135415570050119e-02 2.108611030147007279e-02 1.000000000000000000e+00 5.203939032339703272e-03 5.140842912626604998e-03 1.102741596668763147e-02 2.468172911646906650e-02 1.098933267116220663e-02 2.114662652940405702e-02 1.377194997876160856e-02 1.787242969741879503e-02 6.000392450892039209e-03 1.693595749683094939e-02 7.760583793732684331e-03 1.170161605949722981e-02 8.327622926700447084e-03 2.113742218201968351e-02 1.037789128153846115e-02 1.954280445042199180e-02 2.172687089011358236e-02 1.859872094326689429e-02 1.607375122223057493e-02 2.077081102221688819e-02 1.346765058049124997e-02 2.754130624229189639e-02 1.959328450022269907e-02 1.684957822661184781e-02 1.839979343704234438e-02 2.323716308527329008e-02 9.470379739487942358e-03 7.205867656614566887e-03 6.606881102264544267e-03 1.663936755473034365e-02 6.554724535320946045e-03 8.098132329674496976e-03 1.940743250793645208e-02 1.082614323771457186e-02 1.521027222621716864e-02 1.075685823259361559e-02 1.109590844907175182e-02 1.147104522256514950e-02 1.610669133511844625e-02 7.126468321886702574e-03
4.524738088655493908e-03 9.142759588905608609e-03 1.919439117451519558e-02 4.803659783819405268e-03 1.229915965780807932e-02 1.273318615813330730e-02 1.031030841308974537e-02 2.663588147465470804e-02 1.425675880926908536e-02 5.203939032339703272e-03 1.000000000000000000e+00 1.731309465113383197e-02 1.815252488061597225e-02 9.911933657723491498e-03 1.339982318621749623e-02 1.434397097271925166e-02 1.147905833585035305e-02 2.329591539150174459e-02 1.168726288555096103e-02 2.566127936839894888e-02 1.025361299805779662e-02 5.262742420972838994e-03 1.399583740465328019e-02 1.760743271248481345e-02 6.944920500146801838e-03 2.120516133024527225e-02 1.442338173455852586e-02 1.974675803751230543e-02 1.111761192917585898e-02 1.721160511765611537e-02 1.019118376078507159e-02 1.510835786492317409e-02 7.448496839359630174e-03 9.219301916717504916e-03 7.158501467279991884e-03 3.349746097851134113e-02 9.682489921902646957e-03 1.951166623270585848e-02 9.131849779356283545e-03 2.003413527660614923e-02 1.357986176466365567e-02 1.997674513065918200e-02 1.494120447984540086e-02 2.079834167714342957e-02 9.832786009851600048e-03 2.077484630016583969e-02 1.076163534266430001e-02 1.993552359088101092e-02 1.153699013572090197e-02 6.959653908170013691e-03
8.925964254933466471e-03 1.054268509350755716e-02 1.132566441714383948e-02 1.170839278452419190e-02 1.171859874417995051e-02 1.111999014734985948e-02 2.793336478025812766e-02 1.809240821350822578e-02 1.845069093380138567e-02 5.140842912626604998e-03 1.731309465113383197e-02 1.000000000000000000e+00 9.861426713330101110e-03 8.424919472205073118e-03 1.704726886331544775e-02 1.543614188702484985e-02 2.054233153776005572e-02 1.247353149330645943e-02 3.331297236764836633e-02 1.577311478059316777e-02 2.080859541837266555e-02 1.401490610970187491e-02 1.781976543948976532e-02 1.917927391503891979e-02 1.477361993361090906e-02 1.065056828306602636e-02 1.459317980955355740e-02 2.320435012938860606e-02 1.857157505793576718e-02 1.317599490999939865e-02 4.665377005458061152e-03 1.794927328613862491e-02 7.750985644355018293e-03 8.282525208406801148e-03 1.391354210751272365e-02 4.840986954898349008e-03 2.013325732344251745e-02 9.256679692316811814e-03 4.521245088642954213e-03 2.139236610491035764e-02 2.044889992232949705e-02 1.210131901989906604e-02 1.234101353443954607e-02 1.779109516423136444e-02 2.026861258870933311e-02 7.550891397881008202e-03 1.348791869680454614e-02 2.131301785287782746e-02 1.093204526599851970e-02 2.168435258950706865e-02
1.031397194787489133e-02 7.376502989598385934e-03 6.888054297437809850e-03 4.045666349588406679e-03 1.994938713418487400e-02 1.164496742602664364e-02 6.966959692105896898e-03 5.420159595845699951e-03 1.368163693333726907e-02 1.102741596668763147e-02 1.815252488061597225e-02 9.861426713330101110e-03 1.000000000000000000e+00 1.126961952375273891e-02 6.502188606778664531e-03 9.246476566465136951e-03 1.306848118518826214e-02 1.755602764686560111e-02 2.410444373061195605e-02 2.364703478545733886e-02 1.156436187862207136e-02 2.401576298143489815e-02 1.593697537205512535e-02 6.136968174516666333e-03 6.558356494696560186e-03 1.950516636342678259e-02 7.845504176207194341e-03 1.527758333471817068e-02 1.345432119581786365e-02 1.072310359693025121e-02 8.746126587622391618e-03 5.531416749740550830e-03 1.193800305089729764e-02 2.499342691191824492e-02 1.026317815194648445e-02 1.255283097013920081e-02 1.382631783588116059e-02 9.863871982847502787e-03 1.209409361653665700e-02 2.477265388180430530e-02 5.779051153212149891e-03 2.294227088592576402e-02 2.114548183730792161e-02 1.815613585224572224e-02 9.595289670089520231e-03 1.539142280535982059e-02 8.511409172090377701e-03 9.962085428770172876e-03 7.982868542110801297e-03 1.097949634959980748e-02
1.515157379225848776e-02 2.513853182317556459e-02 2.877259434611975641e-02 1.971479801771947732e-02 2.958124722235101756e-02 8.215185804774873327e-03 6.251480886972509560e-03 1.392307033319074329e-02 9.262061963879257911e-03 2.468172911646906650e-02 9.911933657723491498e-03 8.424919472205073118e-03 1.126961952375273891e-02 1.000000000000000000e+00 1.564929824229700089e-02 1.257795757783488136e-02 1.135150978926743187e-02 1.290439946636161989e-02 7.921461006074137154e-03 1.736883115902342067e-02 2.023789446771824888e-02 1.133575317152189614e-02 1.197387136702351453e-02 1.785381621545168926e-02 6.419188718136358690e-03 6.399070201849980932e-03 1.706218626874684771e-02 1.614160014985738592e-02 2.156954010455873483e-02 1.109874379688863613e-02 2.305625766369756580e-02 1.404566162258515626e-02 2.541910028214521694e-02 1.448884212274791951e-02 1.751059313374073514e-02 1.068556981802325050e-02 8.331789805891590475e-03 6.863194590118045987e-03 1.387509996583525217e-02 5.607105374600303282e-03 1.720064816115373166e-02 1.714751379846231327e-02 1.382092655369040156e-02 8.269077270338607080e-03 1.682188037395983618e-02 9.496682813911572901e-03 8.089245795746376894e-03 7.819059504796175078e-03 1.925996652085536220e-02 1.000274987683337502e-02
4.776010555786366386e-03 1.067974933194668595e-02 1.388883627854220829e-02 1.939890544286219931e-02 9.383339436908310835e-03 3.553809207165697232e-02 1.454279636064780695e-02 9.501650111642997304e-03 3.303305646601499643e-03 1.098933267116220663e-02 1.339982318621749623e-02 1.704726886331544775e-02 6.502188606778664531e-03 1.564929824229700089e-02 1.000000000000000000e+00 1.873248114252682242e-02 8.424806645288843154e-03 1.221330425538779893e-02 1.709594176405405605e-02 1.725541696621459009e-02 1.308763147855509200e-02 1.092547405137630698e-02 2.757766311126346251e-02 1.988250674789523997e-02 6.021630775134582426e-03 1.770293259424269433e-02 2.127649244240771217e-02 1.453930149707321866e-02 1.158238057734518357e-02 1.906429587693305935e-02 7.927816024239571144e-03 1.135688393506264354e-02 1.577922520671969087e-02 1.471749190314882057e-02 1.775710775718162063e-02 1.202181370842179964e-02 1.763054036252104106e-02 1.971603777664934776e-02 2.161860377233491143e-02 7.027606065992781162e-03 1.039058700191194083e-02 1.034168602340858507e-02 8.929596452833409373e-03 1.526760301158505348e-02 1.730992114089372619e-02 2.432336240691888168e-02 6.355829887404239840e-03 1.027208541828615422e-02 1.068438098639256512e-02 1.371798436730742830e-02
2.690388307692210060e-02 1.013034225966748594e-02 1.058408899490315136e-02 1.631973275138490914e-02 2.028392984788964307e-02 1.442341767830078968e-02 5.019689248458544459e-03 9.689102494480036562e-03 1.212505523116316243e-02 2.114662652940405702e-02 1.434397097271925166e-02 1.543614188702484985e-02 9.246476566465136951e-03 1.257795757783488136e-02 1.873248114252682242e-02 1.000000000000000000e+00 7.003835101979525440e-03 8.482735388284692521e-03 1.946564546049208561e-02 1.541975408207126898e-02 2.316626198294314404e-02 1.474060870309101302e-02 2.295549125977830104e-02 2.383926198355212564e-02 2.273236475564438530e-02 2.084923158586060934e-02 7.655763047704247995e-03 5.576475414388178294e-03 5.977152516448574343e-03 1.292849651342385664e-02 4.038792586395402104e-03 1.345848060045230082e-02 1.589981437704486925e-02 1.562375470783866106e-02 3.435557698261294812e-02 1.808282142876162235e-02 3.638165804681136022e-03 3.063398830871952652e-02 7.832958696139626087e-03 8.535383272476321573e-03 2.426650519655712199e-02 7.561288552202069004e-03 2.898473319311969942e-02 1.192982849785659792e-02 1.463255050410907504e-02 1.172226289583317739e-02 4.669529259418919026e-03 1.060854814611207272e-02 8.468188136055673429e-03 2.002027910962253174e-02
1.674057213277294412e-02 2.597730029401593144e-02 1.598770637811576870e-02 2.099100600426199656e-02 1.593203316935157959e-02 1.492892706371151679e-02 3.081130346377992241e-02 1.732186682013680742e-02 2.266262853382392320e-02 1.377194997876160856e-02 1.147905833585035305e-02 2.054233153776005572e-02 1.306848118518826214e-02 1.135150978926743187e-02 8.424806645288843154e-03 7.003835101979525440e-03 1.000000000000000000e+00 1.456828310892927664e-02 1.425962768295264624e-02 6.514131003700150691e-03 1.335791064790035551e-02 1.700020168584364527e-02 9.289602626911711014e-03 1.380648700982223774e-02 1.836952496150410716e-02 2.213913913717010726e-02 2.088429663383384663e-02 2.069803903612326551e-02 1.887035224971567171e-02 1.593360003717161563e-02 1.581904142701672650e-02 3.909741496935344000e-03 2.398918208091041504e-02 8.012410901725781909e-03 1.437535404322056419e-02 1.692407625290863471e-02 2.078675999309569783e-02 6.183724302559060089e-03 3.066740908505943830e-02 6.231183576375630764e-03 1.712133430606931073e-02 7.920960873638157804e-03 2.234040220074647379e-02 8.450601052993193460e-03 2.258074330883170014e-02 5.734076716081511205e-03 8.383959531727550735e-03 1.070869592494361200e-02 7.621432595362047889e-03 1.217863224117381703e-02
2.305548399366059639e-02 1.469084573689277001e-02 5.138137057258265923e-03 1.124769545422180106e-02 1.527287800820745743e-02 2.437835221923121548e-03 1.831430242577927747e-02 1.668111254402759869e-02 1.034475191059238373e-02 1.787242969741879503e-02 2.329591539150174459e-02 1.247353149330645943e-02 1.755602764686560111e-02 1.290439946636161989e-02 1.221330425538779893e-02 8.482735388284692521e-03 1.456828310892927664e-02 1.000000000000000000e+00 1.642556832997479552e-02 1.836249677167834868e-02 1.606007587787256982e-02 1.390768099245030982e-02 1.084555021654640301e-02 1.594515039052915584e-02 4.689976153576620385e-03 1.677002262977438443e-02 9.486462920447974109e-03 1.458117757881910274e-02 1.171113241922213180e-02 1.444813259293453375e-02 1.595716166751242129e-02 5.121508691934927200e-03 2.046695355269148933e-02 9.060100905964341492e-03 1.367427021924805079e-02 1.124288289215900731e-02 1.477735368550502949e-02 2.004874521410788743e-02 1.884582425367378397e-02 1.142578958271983809e-02 1.746087777852019587e-02 8.083586150473762166e-03 2.752262048131169994e-02 1.445566071996170522e-02 1.351931765624129859e-02 9.584255938108288825e-03 1.634816810684327354e-02 1.241096506183300002e-02 1.936538365254974331e-02 2.215385791020433454e-02
1.350710246531432873e-02 1.120949411522252810e-02 5.686473683094325944e-03 1.000160486117735413e-02 4.654952036403582800e-03 1.279068173519302444e-02 1.731870249246206250e-02 1.492575475230856555e-02 1.064494523741961289e-02 6.000392450892039209e-03 1.168726288555096103e-02 3.331297236764836633e-02 2.410444373061195605e-02 7.921461006074137154e-03 1.709594176405405605e-02 1.946564546049208561e-02 1.425962768295264624e-02 1.642556832997479552e-02 1.000000000000000000e+00 1.591573696924829598e-02 1.525341364665212807e-02 2.570466796422823594e-02 3.067534028880407673e-02 3.696462840880837368e-03 2.364378868309890622e-02 9.982719238403010148e-03 1.210228643597969535e-02 1.970060855587554491e-02 1.004927938415155035e-02 1.843823159726653421e-02 3.802585716216370319e-03 1.053233924370120499e-02 1.216157514883725414e-02 2.490220798828348889e-02 2.484638451825861918e-02 1.577565137675292911e-02 1.609129981484650959e-02 2.154730797473721968e-02 1.689500280661124926e-02 1.145148127228872055e-02 1.531222597853846082e-02 1.351478389910007981e-02 3.689936259180426684e-03 1.430476216146900174e-02 1.564881281463065613e-02 1.576963135490101753e-02 1.251601462043233116e-02 1.217440054399875071e-02 1.496542924603107630e-02 1.850905190599638761e-02
4.463946577604996704e-03 1.601130844282713447e-02 4.669264779359087909e-03 1.489773868987112962e-02 1.219834997412246567e-02 2.343820456186404555e-02 1.119813097241839292e-02 1.156201026607564172e-02 2.162270404273566524e-02 1.693595749683094939e-02 2.566127936839894888e-02 1.577311478059316777e-02 2.364703478545733886e-02 1.736883115902342067e-02 1.725541696621459009e-02 1.541975408207126898e-02 6.514131003700150691e-03 1.836249677167834868e-02 1.591573696924829598e-02 1.000000000000000000e+00 2.160596560221943532e-02 1.683224957980046857e-02 2.434618330122251609e-02 1.031101185058698293e-02 1.915132100644597810e-02 2.294075724607626265e-02 1.130817484586278503e-02 1.886423834568701566e-02 1.432729476759144437e-02 1.563636018739714834e-02 1.166122348345210481e-02 1.103964760051800130e-02 1.452314220377689397e-02 1.794440557416362644e-02 1.271059984278113432e-02 1.035963527592414189e-02 1.314438573768977533e-02 7.182562407688001388e-03 1.738982471440625455e-02 1.036322028919453228e-02 1.005543891255148738e-02 1.659043337756025208e-02 1.718983119940439147e-02 1.590022423329392684e-02 1.798714981961574769e-02 1.597843070024827436e-02 1.622647962514070161e-02 1.212472462945627522e-02 1.468452621716489701e-02 1.677778307241855130e-02
1.586209766082652753e-02 6.251043511419214667e-03 6.285578376717091548e-03 1.809594992169256608e-02 1.851121076963171616e-02 1.464484755225907257e-02 1.313120481841493353e-02 6.507457122752524636e-03 6.270061474573587409e-03 7.760583793732684331e-03 1.025361299805779662e-02 2.080859541837266555e-02 1.156436187862207136e-02 2.023789446771824888e-02 1.308763147855509200e-02 2.316626198294314404e-02 1.335791064790035551e-02 1.606007587787256982e-02 1.525341364665212807e-02 2.160596560221943532e-02 1.000000000000000000e+00 1.473324378482895186e-02 1.309551491881845615e-02 7.205932558928539698e-03 8.767251366308679780e-03 9.001877109230714893e-03 3.494505891156795239e-03 1.449844088748684749e-02 1.802425359696931823e-03 7.938275476287056515e-03 1.563897176298628677e-02 1.491322660563793728e-02 7.327145438918092162e-03 9.813928960105076579e-03 1.152681323042683247e-02 1.526397709541037206e-02 1.967884522684179224e-02 4.575218461426327522e-03 1.723561291963307887e-02 1.073586181031320995e-02 1.872849441375036214e-02 7.354812129463306029e-03 3.007501080370694052e-02 8.035685229925619219e-03 6.716522389217146304e-03 2.209891187082509839e-02 2.028289192107983127e-02 9.576029043867732155e-03 9.760109367020338919e-03 1.575979713314713468e-02
1.185069492149619201e-02 7.328123857127371438e-03 1.209991035174802325e-02 1.882717246249326903e-02 1.956360671161092024e-02 5.424890915943416519e-03 2.031497698106699348e-02 4.685799673777291813e-03 7.611681359401744826e-03 1.170161605949722981e-02 5.262742420972838994e-03 1.401490610970187491e-02 2.401576298143489815e-02 1.133575317152189614e-02 1.092547405137630698e-02 1.474060870309101302e-02 1.700020168584364527e-02 1.390768099245030982e-02 2.570466796422823594e-02 1.683224957980046857e-02 1.473324378482895186e-02 1.000000000000000000e+00 1.276666046418825119e-02 2.999966122198999274e-02 1.990087386446195289e-02 1.200371735868904950e-02 1.540911864146878377e-02 2.017364991125757123e-02 1.412392754971918477e-02 8.886667293001582202e-03 1.061615503860570409e-02 1.756748369223958342e-02 1.100682958999130850e-02 1.798784111357235732e-02 8.089629219282711003e-03 1.246887547323894015e-02 1.437898104176139717e-02 1.506441820090055790e-02 1.049113965145945758e-02 7.690145520322804601e-03 1.653969013415789238e-02 2.878305707364409508e-03 1.504616052030281412e-02 9.823803000468886090e-03 1.616945914390287287e-02 7.386786087740472226e-03 4.625952353968897611e-03 1.314768362641122526e-02 1.305111151259137972e-02 2.122682205385771625e-02
2.017912779129816744e-02 2.129700396054864595e-02 1.708800274444096517e-02 1.412189949531901523e-02 1.568478236978714663e-02 1.732495176012879834e-02 2.059023095178363905e-02 1.662731184553528987e-02 1.760850273657043122e-02 8.327622926700447084e-03 1.399583740465328019e-02 1.781976543948976532e-02 1.593697537205512535e-02 1.197387136702351453e-02 2.757766311126346251e-02 2.295549125977830104e-02 9.289602626911711014e-03 1.084555021654640301e-02 3.067534028880407673e-02 2.434618330122251609e-02 1.309551491881845615e-02 1.276666046418825119e-02 1.000000000000000000e+00 1.902294391885724426e-02 1.144223602183306460e-02 1.829282204254532862e-02 2.352675470721743087e-02 1.826858290134801902e-02 2.292679768928423956e-02 9.738312903446353155e-03 1.961357896574687440e-02 9.056070683772952587e-03 1.797813637452884764e-02 2.113563513319439632e-02 1.280576108751005533e-02 1.193864412017504525e-02 2.326223649724342563e-02 1.060031431577082572e-02 1.012668676318347234e-02 1.222975235953058758e-02 2.031328341025516460e-02 6.456853476404208862e-03 1.411098320566467855e-02 1.495289648059189118e-02 1.493654345804156826e-02 1.983042781491943865e-02 2.341246193385193922e-02 1.284091794997577543e-02 2.029298091120477696e-02 2.463429884145243096e-02
1.927104832419406638e-02 1.631710094165931060e-02 9.585114527988386132e-03 2.214982149301474024e-02 1.196035191892799894e-02 5.557772832230143192e-03 1.883526433691076751e-02 1.008730212909635451e-02 6.642121775227921750e-03 2.113742218201968351e-02 1.760743271248481345e-02 1.917927391503891979e-02 6.136968174516666333e-03 1.785381621545168926e-02 1.988250674789523997e-02 2.383926198355212564e-02 1.380648700982223774e-02 1.594515039052915584e-02 3.696462840880837368e-03 1.031101185058698293e-02 7.205932558928539698e-03 2.999966122198999274e-02 1.902294391885724426e-02 1.000000000000000000e+00 3.070820339262363835e-02 3.449160272620485374e-03 4.968389623186054115e-03 2.079098194643837563e-02 9.923881134218321201e-03 6.752258126056749805e-03 2.147532455633203302e-02 1.881634170316002705e-02 1.077629500979168653e-02 1.596694242542361780e-02 1.972505881645129217e-02 1.564533329036845583e-02 1.446919649826483231e-02 1.950753557881202901e-02 1.499882106916085138e-02 2.099458822677208181e-02 2.281237682803212777e-02 1.233657853598015865e-02 2.067705223681886445e-02 7.564715791620082487e-03 1.225375370603273319e-02 1.743672712649648598e-02 1.100277800557010813e-02 6.171223608669416938e-03 2.164520104444393050e-02 1.568295734130908947e-02
9.897181467113064929e-03 1.375688578798098596e-02 6.448787403731460685e-03 3.192921283901470949e-03 7.930146163965080125e-03 2.961072554446695856e-02 6.942224688055498305e-03 1.718233993216932223e-02 9.431214905205435178e-03 1.037789128153846115e-02 6.944920500146801838e-03 1.477361993361090906e-02 6.558356494696560186e-03 6.419188718136358690e-03 6.021630775134582426e-03 2.273236475564438530e-02 1.836952496150410716e-02 4.689976153576620385e-03 2.364378868309890622e-02 1.915132100644597810e-02 8.767251366308679780e-03 1.990087386446195289e-02 1.144223602183306460e-02 3.070820339262363835e-02 1.000000000000000000e+00 2.507222129540061933e-02 1.025806353374576763e-02 1.149112463588976112e-02 5.922001454441085978e-03 1.799081986926043958e-02 1.059337576053003514e-02 1.025277789970436421e-02 2.158601744694252714e-02 9.311216832778570693e-03 1.926822083787264189e-02 2.556858682927039272e-02 2.200875912436581899e-02 8.604316271891326168e-03 1.472174867652542227e-02 1.298555823784209445e-02 2.141197607426133936e-02 1.552906909710495033e-02 1.180081960053357484e-02 1.703037689823968040e-02 1.152515917696885980e-02 6.836351911678356999e-03 9.005616087827666288e-03 1.015622471334375922e-02 2.087626130903654995e-02 2.781755744516584486e-02
1.107541930995979348e-02 1.802574331300804689e-02 3.047480125548578112e-02 1.063744239072128908e-02 1.367974117612639172e-02 4.111321194328774672e-03 6.075318147952367062e-03 2.319716483233121018e-02 1.326671334131696717e-02 1.954280445042199180e-02 2.120516133024527225e-02 1.065056828306602636e-02 1.950516636342678259e-02 6.399070201849980932e-03 1.770293259424269433e-02 2.084923158586060934e-02 2.213913913717010726e-02 1.677002262977438443e-02 9.982719238403010148e-03 2.294075724607626265e-02 9.001877109230714893e-03 1.200371735868904950e-02 1.829282204254532862e-02 3.449160272620485374e-03 2.507222129540061933e-02 1.000000000000000000e+00 1.285490399912181912e-02 1.402328671835308301e-02 8.068994829452457579e-03 1.191643144444625227e-02 1.862210685377613251e-02 1.589237312302702390e-02 1.232823696074727450e-02 8.169530019768639351e-03 1.807292773759529986e-02 1.037175551219419144e-02 1.537998829349055720e-02 6.785606679176261688e-03 3.023143284822500318e-02 2.201239905309540848e-02 1.607758739689506625e-02 1.266566595503841250e-02 1.338401227365863984e-02 1.012266310349876040e-02 1.427879170813535319e-02 1.116975315408973851e-02 1.042337479897377690e-02 1.183844779277648182e-02 5.041536717835857703e-03 2.116623008139319195e-02
7.555860946180795353e-03 7.960269570385642215e-03 9.134878152508043442e-03 9.723897892014240693e-03 1.278780776399910009e-02 8.935852198586396664e-03 1.239451017859468859e-02 1.439611176473024057e-02 1.034227417029424945e-02 2.172687089011358236e-02 1.442338173455852586e-02 1.459317980955355740e-02 7.845504176207194341e-03 1.706218626874684771e-02 2.127649244240771217e-02 7.655763047704247995e-03 2.088429663383384663e-02 9.486462920447974109e-03 1.210228643597969535e-02 1.130817484586278503e-02 3.494505891156795239e-03 1.540911864146878377e-02 2.352675470721743087e-02 4.968389623186054115e-03 1.025806353374576763e-02 1.285490399912181912e-02 1.000000000000000000e+00 1.248274804910391549e-02 1.847970067952501086e-02 1.299845465656325298e-02 2.648397258079025068e-02 1.548355206834548317e-02 8.876638700969769272e-03 6.915633814982901501e-03 6.960506831137961391e-03 8.862684232683895602e-03 2.007613580859623700e-02 2.915105301690886289e-02 5.888414006104212423e-03 2.823795797783909198e-02 2.033118667764896928e-02 7.447574089631555858e-03 2.867618709333145943e-02 6.206610793379207375e-03 9.856686551997765125e-03 1.309124302901133914e-02 1.410577204815050348e-02 1.584197291025938800e-02 3.250287557921537757e-02 1.022665923494855619e-02
6.925350123972695213e-03 6.778545633102378218e-03 1.007826586316279763e-02 6.328649192691847281e-03 9.400442302947226506e-03 9.762336227797312194e-03 1.938945158530447702e-02 1.720624300830146669e-02 2.085289617407152379e-02 1.859872094326689429e-02 1.974675803751230543e-02 2.320435012938860606e-02 1.527758333471817068e-02 1.614160014985738592e-02 1.453930149707321866e-02 5.576475414388178294e-03 2.069803903612326551e-02 1.458117757881910274e-02 1.970060855587554491e-02 1.886423834568701566e-02 1.449844088748684749e-02 2.017364991125757123e-02 1.826858290134801902e-02 2.079098194643837563e-02 1.149112463588976112e-02 1.402328671835308301e-02 1.248274804910391549e-02 1.000000000000000000e+00 1.557002631727930769e-02 1.479546484360789137e-02 1.731393672323347510e-02 8.709658151643309351e-03 7.123611302485889814e-03 1.731443169313741717e-02 6.728871252474753761e-03 8.102836418536426416e-03 2.212547919306811703e-02 1.220076897070589486e-02 9.193843869648601549e-03 1.678729443635736118e-02 8.635506676913514215e-03 1.331039709344131357e-02 1.501019561245955751e-02 1.473999340299509374e-02 1.953079496227064574e-02 1.865138776975164975e-02 1.327167650123842191e-02 1.886615195881741897e-02 9.441652360605748417e-03 9.960314956579363957e-03
3.988791688320459869e-03 9.214652754062390913e-03 7.573252852376412443e-03 1.307719007828879107e-02 2.697403307970984779e-02 2.052353077494228906e-02 1.175411444101274495e-02 1.643957525267931291e-02 7.224391266175997188e-03 1.607375122223057493e-02 1.111761192917585898e-02 1.857157505793576718e-02 1.345432119581786365e-02 2.156954010455873483e-02 1.158238057734518357e-02 5.977152516448574343e-03 1.887035224971567171e-02 1.171113241922213180e-02 1.004927938415155035e-02 1.432729476759144437e-02 1.802425359696931823e-03 1.412392754971918477e-02 2.292679768928423956e-02 9.923881134218321201e-03 5.922001454441085978e-03 8.068994829452457579e-03 1.847970067952501086e-02 1.557002631727930769e-02 1.000000000000000000e+00 1.342706170470295453e-02 1.688514936628936203e-02 5.660149277410710458e-03 1.445273175327205228e-02 1.517720706073387785e-02 1.992516060900499306e-02 1.920831079731104979e-02 1.286637498102894892e-02 1.747569680231814832e-02 1.755392432136836448e-02 1.859916530552385358e-02 1.434167881567016342e-02 1.641051684610879760e-02 1.351141012628197767e-02 1.367065563948278301e-02 8.196043885891887704e-03 1.006552609982011050e-02 1.055372456059695124e-02 9.354683649373286836e-03 2.144767320147138515e-02 1.531164251878350605e-02
4.450353973183043474e-03 1.720594424714977366e-02 2.077070126607712119e-02 1.781450496170457545e-02 1.620034848296689201e-02 1.044254377412792006e-02 2.590163511116251680e-03 1.851890800995177611e-02 4.470826965250785344e-03 2.077081102221688819e-02 1.721160511765611537e-02 1.317599490999939865e-02 1.072310359693025121e-02 1.109874379688863613e-02 1.906429587693305935e-02 1.292849651342385664e-02 1.593360003717161563e-02 1.444813259293453375e-02 1.843823159726653421e-02 1.563636018739714834e-02 7.938275476287056515e-03 8.886667293001582202e-03 9.738312903446353155e-03 6.752258126056749805e-03 1.799081986926043958e-02 1.191643144444625227e-02 1.299845465656325298e-02 1.479546484360789137e-02 1.342706170470295453e-02 1.000000000000000000e+00 1.072438029476930309e-02 5.783534883486479185e-03 1.698022009376123562e-02 2.143594470075156286e-02 2.458066042675904981e-03 8.710414564439919807e-03 6.067158492852636753e-03 1.351549586742126913e-02 1.200612794061194435e-02 8.370421289813209306e-03 1.143473715925228881e-02 1.927644609819900365e-02 1.277895974868873893e-02 1.276482500349910253e-02 1.830626302274968031e-02 2.240737095806489762e-02 9.762932814327792905e-03 2.068107926814486200e-02 9.800174464584684997e-03 1.972576067475534378e-02
1.975919770305813172e-02 9.758978754560070426e-03 2.419965919116373772e-03 1.296392997175375462e-02 8.755900117047327180e-03 1.115055142099913819e-02 2.107817027211877220e-02 1.432863373808308805e-02 8.282038218627111453e-03 1.346765058049124997e-02 1.019118376078507159e-02 4.665377005458061152e-03 8.746126587622391618e-03 2.305625766369756580e-02 7.927816024239571144e-03 4.038792586395402104e-03 1.581904142701672650e-02 1.595716166751242129e-02 3.802585716216370319e-03 1.166122348345210481e-02 1.563897176298628677e-02 1.061615503860570409e-02 1.961357896574687440e-02 2.147532455633203302e-02 1.059337576053003514e-02 1.862210685377613251e-02 2.648397258079025068e-02 1.731393672323347510e-02 1.688514936628936203e-02 1.072438029476930309e-02 1.000000000000000000e+00 1.626006291284024310e-02 7.715253031049668087e-03 9.518087911627103395e-03 9.293132398382400808e-03 1.563668616485538662e-02 2.701738949470442776e-03 1.500656828336692158e-02 1.398964076921984691e-02 1.299220901890605316e-02 1.186853371282967952e-02 1.135122372044681041e-02 1.387852951662557621e-02 1.212944494622106816e-03 4.763240093528046601e-03 1.561949016007218097e-02 6.495362683944125477e-03 2.576567556298262410e-02 8.538309883713901538e-03 1.275644492967934612e-02
1.524026422278607594e-02 1.056277387161529135e-02 9.466795828551545153e-03 9.391001208720063317e-03 1.220494748098949374e-02 8.483453783507869869e-03 1.655926711706804180e-02 1.307253588833423227e-02 9.861007702545448658e-03 2.754130624229189639e-02 1.510835786492317409e-02 1.794927328613862491e-02 5.531416749740550830e-03 1.404566162258515626e-02 1.135688393506264354e-02 1.345848060045230082e-02 3.909741496935344000e-03 5.121508691934927200e-03 1.053233924370120499e-02 1.103964760051800130e-02 1.491322660563793728e-02 1.756748369223958342e-02 9.056070683772952587e-03 1.881634170316002705e-02 1.025277789970436421e-02 1.589237312302702390e-02 1.548355206834548317e-02 8.709658151643309351e-03 5.660149277410710458e-03 5.783534883486479185e-03 1.626006291284024310e-02 1.000000000000000000e+00 1.817020413454886393e-02 1.819431124351232609e-02 6.192274689383718729e-03 2.072681135794914031e-02 1.499712347160300947e-02 2.330013971394355107e-02 1.205936934801260518e-02 1.835016486911521943e-02 6.087824425043731474e-03 2.204016241563935483e-02 7.436602574661701527e-03 8.974478915273677304e-03 1.958737793077816591e-02 1.208070481076368129e-02 1.735235818530559901e-02 2.535182763934614239e-02 1.195797213017256791e-02 1.179085350172773619e-02
