1.000000000000000000e+00 1.007498258741626636e-02 2.914988460954424931e-02 1.301078952741326067e-02 6.334220351686857368e-03 1.796269864632007301e-02 1.916202381194101814e-02 1.796863329062011252e-02 2.494076436511000888e-02 2.609207131620260370e-02
1.007498258741626636e-02 1.000000000000000000e+00 1.528887625841707752e-02 1.329986119470449694e-02 2.125640281448268158e-03 1.508351484087650136e-02 2.067367724142335494e-02 8.851261781593703845e-03 1.989445638507911923e-02 1.879741546432794203e-02
2.914988460954424931e-02 1.528887625841707752e-02 1.000000000000000000e+00 1.482211483164250915e-02 7.367102473104256664e-03 2.106609397926059030e-02 1.010388616725790313e-02 1.287124369917675912e-02 2.321902348068251298e-02 1.541236976518712415e-02
1.301078952741326067e-02 1.329986119470449694e-02 1.482211483164250915e-02 1.000000000000000000e+00 9.971793361938981887e-03 2.532170117215905292e-02 1.868326189095325177e-02 1.536857299123486724e-02 9.886798973642458785e-03 1.030574280746202227e-02
6.334220351686857368e-03 2.125640281448268158e-03 7.367102473104256664e-03 9.971793361938981887e-03 1.000000000000000000e+00 1.082956289815915733e-02 1.240921158902289628e-02 1.060742647240283699e-02 2.218797963261557454e-02 2.035507838987509963e-02
1.796269864632007301e-02 1.508351484087650136e-02 2.106609397926059030e-02 2.532170117215905292e-02 1.082956289815915733e-02 1.000000000000000000e+00 2.132930816993957798e-02 2.204696871392364602e-02 1.103551627411962499e-02 1.659349654949941050e-02
1.916202381194101814e-02 2.067367724142335494e-02 1.010388616725790313e-02 1.868326189095325177e-02 1.240921158902289628e-02 2.132930816993957798e-02 1.000000000000000000e+00 8.775301401858464148e-03 1.245863365702901300e-02 1.692836632889914775e-02
1.796863329062011252e-02 8.851261781593703845e-03 1.287124369917675912e-02 1.536857299123486724e-02 1.060742647240283699e-02 2.204696871392364602e-02 8.775301401858464148e-03 1.000000000000000000e+00 1.085209112449165431e-02 2.576126799702961254e-02
2.494076436511000888e-02 1.989445638507911923e-02 2.321902348068251298e-02 9.886798973642458785e-03 2.218797963261557454e-02 1.103551627411962499e-02 1.245863365702901300e-02 1.085209112449165431e-02 1.000000000000000000e+00 2.693569973011301216e-02
2.609207131620260370e-02 1.879741546432794203e-02 1.541236976518712415e-02 1.030574280746202227e-02 2.035507838987509963e-02 1.659349654949941050e-02 1.692836632889914775e-02 2.576126799702961254e-02 2.693569973011301216e-02 1.000000000000000000e+00
