1.000000000000000000e+00 6.789302973107550800e-03 2.017291446359578341e-02 6.941015422769358616e-03 1.251731224327899163e-02 1.986052298832324120e-02 6.798795435601781047e-03 1.362008899605177820e-02 7.220976901912357776e-03 1.262308105004788725e-02
6.789302973107550800e-03 1.000000000000000000e+00 5.807811863216995676e-03 1.239128591151801746e-02 1.631288764366734673e-02 5.555583065226436454e-03 1.376671019751692093e-02 1.227905656788902920e-02 1.290123077648918509e-02 7.861727576584697300e-03
2.017291446359578341e-02 5.807811863216995676e-03 1.000000000000000000e+00 8.556493666948069773e-03 1.336442345167855941e-02 5.371529951192784147e-03 1.550614930376210607e-02 1.975038130158775218e-02 1.078890845132804595e-02 1.010573179966168210e-02
6.941015422769358616e-03 1.239128591151801746e-02 8.556493666948069773e-03 1.000000000000000000e+00 3.105246706945530288e-02 2.906836280935558119e-03 2.179611480203255333e-02 2.519438279452159563e-02 1.967705731759665858e-02 2.394869864254774161e-02
1.251731224327899163e-02 1.631288764366734673e-02 1.336442345167855941e-02 3.105246706945530288e-02 1.000000000000000000e+00 2.459167305154830521e-02 5.882655712190438223e-03 7.422563975059036194e-03 7.490426440544102615e-03 2.362530545836411498e-03
1.986052298832324120e-02 5.555583065226436454e-03 5.371529951192784147e-03 2.906836280935558119e-03 2.459167305154830521e-02 1.000000000000000000e+00 1.042409129487744876e-02 1.663230484362331063e-02 1.493373060925878501e-02 1.363669154864306267e-02
6.798795435601781047e-03 1.376671019751692093e-02 1.550614930376210607e-02 2.179611480203255333e-02 5.882655712190438223e-03 1.042409129487744876e-02 1.000000000000000000e+00 6.673218813641115278e-03 2.275642286883209492e-02 1.636769311990896036e-02
1.362008899605177820e-02 1.227905656788902920e-02 1.975038130158775218e-02 2.519438279452159563e-02 7.422563975059036194e-03 1.663230484362331063e-02 6.673218813641115278e-03 1.000000000000000000e+00 1.873541176949317100e-02 7.704597734639354219e-03
7.220976901912357776e-03 1.290123077648918509e-02 1.078890845132804595e-02 1.967705731759665858e-02 7.490426440544102615e-03 1.493373060925878501e-02 2.275642286883209492e-02 1.873541176949317100e-02 1.000000000000000000e+00 1.814444469637576871e-02
1.262308105004788725e-02 7.861727576584697300e-03 1.010573179966168210e-02 2.394869864254774161e-02 2.362530545836411498e-03 1.363669154864306267e-02 1.636769311990896036e-02 7.704597734639354219e-03 1.814444469637576871e-02 1.000000000000000000e+00
