0.000000000000000000e+00	5.699009613704372197e+06	3.966903906034427695e+06	8.887363186373088509e+06	4.712969065247979946e+06	3.446109118304551579e+06	3.600116775658094324e+06	3.553606145016897470e+06	5.217961906986181624e+06	4.764393464121912606e+06	5.022275219193004072e+06	5.106301649467038922e+06	6.821842643025994301e+06	7.285164563203880563e+06	7.627986054862042889e+06	5.797155146769115701e+06	5.872960265489554964e+06	8.196273401000596583e+06	1.092196786940874346e+07	8.357272063689628616e+06	2.693457381703290157e+06	2.284869919904468581e+06	2.126340487819597591e+06	3.275875092748444993e+06	2.129539816227004398e+06	2.442919347703502178e+09	2.585302153356083870e+09	2.503825246226270676e+09	2.349918943306943893e+09	2.234263487311512470e+09
5.699009613704372197e+06	0.000000000000000000e+00	6.887616581999488175e+06	1.098290681880342029e+07	7.489800152283569798e+06	6.697090723243482411e+06	6.818995619779503904e+06	7.413146365882632323e+06	9.238184663654806092e+06	8.317034483802486211e+06	7.853411709008424543e+06	8.488957132100703195e+06	1.045767770229145698e+07	1.011254383564166725e+07	1.062354597554407641e+07	8.959805289177810773e+06	9.261278815770506859e+06	1.174122802635138854e+07	1.540142368666389398e+07	1.202810928317167982e+07	5.689024399663428776e+06	5.111379338769366033e+06	5.769205867014809512e+06	6.574548319097680040e+06	5.343335495842781849e+06	2.447347728721064568e+09	2.588895336916525841e+09	2.506611744033840179e+09	2.352181836042892456e+09	2.239940893445823669e+09
3.966903906034427695e+06	6.887616581999488175e+06	0.000000000000000000e+00	1.164711659873206541e+07	5.317021635651388206e+06	4.862422720020392910e+06	5.029935684832418337e+06	4.493994026786112227e+06	7.474500238887710497e+06	6.085182724650477059e+06	6.290646709559620358e+06	6.431085043526918627e+06	8.516927658653620631e+06	8.554159185320254415e+06	8.533544057922510430e+06	7.669477491971361451e+06	8.343899970059320331e+06	1.032211844411115348e+07	1.153896194162695669e+07	9.924551186978494748e+06	3.849668143327472266e+06	3.779576111519361380e+06	3.506442757082535885e+06	4.248430989747763611e+06	4.027698096584206447e+06	2.444713953383026123e+09	2.586893483190478325e+09	2.503165239662824631e+09	2.352969236337058067e+09	2.238595008558220863e+09
8.887363186373088509e+06	1.098290681880342029e+07	1.164711659873206541e+07	0.000000000000000000e+00	1.038051164502586983e+07	9.391554659424202517e+06	9.402790045733366162e+06	1.079949275454238057e+07	1.119446931296452507e+07	1.120297008072425053e+07	1.116075386532717198e+07	1.144174780943566561e+07	1.295881417350066639e+07	1.179631269705638662e+07	1.338548671668668836e+07	1.191129046937720105e+07	1.272439081075631827e+07	1.336737624305372313e+07	1.920940559861589968e+07	1.438736435391675867e+07	8.736850251586422324e+06	8.731491020748313516e+06	8.634885133669309318e+06	9.351685932730734348e+06	8.263246552728737704e+06	2.449421068868935108e+09	2.586678228047581673e+09	2.503932267032766342e+09	2.353276422463285446e+09	2.238492763580423355e+09
4.712969065247979946e+06	7.489800152283569798e+06	5.317021635651388206e+06	1.038051164502586983e+07	0.000000000000000000e+00	4.920499047037678771e+06	5.006919305052259937e+06	4.777973947059295140e+06	6.639336573818394914e+06	4.444234943626536056e+06	7.344576280093685724e+06	6.331426281669448130e+06	6.859102078323635273e+06	7.999801212619100697e+06	9.565831111420555040e+06	6.449262388916709460e+06	8.183307348636250943e+06	9.799390051473239437e+06	1.306386363553826138e+07	9.160891363127615303e+06	3.711515472263352480e+06	4.325757358533605002e+06	3.334137840879178606e+06	3.609009477589900605e+06	3.853307895761618391e+06	2.444394456500382423e+09	2.584841185349763870e+09	2.503029693969387531e+09	2.350849284470782280e+09	2.233728012651316643e+09
3.446109118304551579e+06	6.697090723243482411e+06	4.862422720020392910e+06	9.391554659424202517e+06	4.920499047037678771e+06	0.000000000000000000e+00	4.075075363055809401e+06	4.401939924312532879e+06	6.019434518243488856e+06	5.356223953740184195e+06	5.612241235867503099e+06	6.814084962270436808e+06	7.104075289459466003e+06	8.183013969355703332e+06	7.002385637584653683e+06	7.307215435395498760e+06	7.688883763324820437e+06	1.058549399534898810e+07	1.152939266688307934e+07	8.923550654989067465e+06	3.489650121261907276e+06	3.531742574636567384e+06	3.558761869868997484e+06	4.428961113786457106e+06	3.613636506198957562e+06	2.444036397697315693e+09	2.583300387416977882e+09	2.502537483960571766e+09	2.350837605782050610e+09	2.236754750517050266e+09
3.600116775658094324e+06	6.818995619779503904e+06	5.029935684832418337e+06	9.402790045733366162e+06	5.006919305052259937e+06	4.075075363055809401e+06	0.000000000000000000e+00	4.626082286754772067e+06	6.613411089032965712e+06	5.821669620568101294e+06	5.933080920774704777e+06	6.625249627482336015e+06	6.962062589742277749e+06	8.459215481914781034e+06	7.641950347714970820e+06	7.609790154471591115e+06	7.499381848572888412e+06	1.088005115283136629e+07	1.053338345767461136e+07	9.186887646930517629e+06	3.323381826221437659e+06	3.926158770024372730e+06	3.430332769113347866e+06	4.441622450971000828e+06	3.586415761012817733e+06	2.444173008169871807e+09	2.582425683310635567e+09	2.500771001919788837e+09	2.349490911956576824e+09	2.236504495809847832e+09
3.553606145016897470e+06	7.413146365882632323e+06	4.493994026786112227e+06	1.079949275454238057e+07	4.777973947059295140e+06	4.401939924312532879e+06	4.626082286754772067e+06	0.000000000000000000e+00	6.943575092442345805e+06	4.752881469043606892e+06	5.874662435359719209e+06	5.942400218463626690e+06	6.934083342481092550e+06	8.483761392601061612e+06	8.524113833922185004e+06	6.156679008472110145e+06	7.540110194429730065e+06	1.073779672213238291e+07	1.106544211532608233e+07	9.103421024064732715e+06	3.595685138063122518e+06	3.682053358214801177e+06	3.261292438206931110e+06	3.691866979669477325e+06	3.352772592076401692e+06	2.444208747661640167e+09	2.585004956221359730e+09	2.501659211189762115e+09	2.351987982882215500e+09	2.235267431213441372e+09
5.217961906986181624e+06	9.238184663654806092e+06	7.474500238887710497e+06	1.119446931296452507e+07	6.639336573818394914e+06	6.019434518243488856e+06	6.613411089032965712e+06	6.943575092442345805e+06	0.000000000000000000e+00	7.053468484082648531e+06	7.996868468738464639e+06	8.038723635337356478e+06	9.317704465801205486e+06	1.013217348057308048e+07	9.746881470405109227e+06	9.576338589599156752e+06	9.090547977663584054e+06	1.174565019678824767e+07	1.412979034486316331e+07	1.057550902790735289e+07	5.445594222011718899e+06	4.854833003207816742e+06	4.842097364935169928e+06	6.223660473093275912e+06	4.771067006942205131e+06	2.445913359313707829e+09	2.586139555920988560e+09	2.504112142677271843e+09	2.352011390667754650e+09	2.234298420959824562e+09
4.764393464121912606e+06	8.317034483802486211e+06	6.085182724650477059e+06	1.120297008072425053e+07	4.444234943626536056e+06	5.356223953740184195e+06	5.821669620568101294e+06	4.752881469043606892e+06	7.053468484082648531e+06	0.000000000000000000e+00	7.384173329689296894e+06	6.717582355679059401e+06	7.164537023447935469e+06	9.549120321891408414e+06	9.650534606674151495e+06	6.291419695123184472e+06	8.789156532209595665e+06	1.010912194744017906e+07	1.222795989610827528e+07	9.035244780269935727e+06	4.169604566666096915e+06	4.573823542794702575e+06	4.175374522450645920e+06	4.433662144847000949e+06	4.087378910234729294e+06	2.444433007827883720e+09	2.584863139300932407e+09	2.502056232697311878e+09	2.353343342397764206e+09	2.234454427171001911e+09
5.022275219193004072e+06	7.853411709008424543e+06	6.290646709559620358e+06	1.116075386532717198e+07	7.344576280093685724e+06	5.612241235867503099e+06	5.933080920774704777e+06	5.874662435359719209e+06	7.996868468738464639e+06	7.384173329689296894e+06	0.000000000000000000e+00	8.424566846750479192e+06	9.328429275870302692e+06	9.521993474349644035e+06	7.706104889335009269e+06	8.692780625705074519e+06	8.332213434936320409e+06	1.167987971673368290e+07	1.330813834074849449e+07	1.065349401258898526e+07	4.848862500357950106e+06	5.161319582113093697e+06	5.058546834802916273e+06	6.162500540893220343e+06	4.850761376227417961e+06	2.445531930981469154e+09	2.584843450154050827e+09	2.502687162930442333e+09	2.351938510307491302e+09	2.237696559174010277e+09
5.106301649467038922e+06	8.488957132100703195e+06	6.431085043526918627e+06	1.144174780943566561e+07	6.331426281669448130e+06	6.814084962270436808e+06	6.625249627482336015e+06	5.942400218463626690e+06	8.038723635337356478e+06	6.717582355679059401e+06	8.424566846750479192e+06	0.000000000000000000e+00	9.510102258880469948e+06	1.054184581037526019e+07	1.224425728878458589e+07	6.932970567728298716e+06	1.049687354340822063e+07	1.085018107787876762e+07	1.312758296309486590e+07	1.049126617085459828e+07	5.548523350705780089e+06	5.189422832342488691e+06	4.468124851671398617e+06	4.801898529987161979e+06	4.827013930117343552e+06	2.446267081865170956e+09	2.587701733376884937e+09	2.502908135107416153e+09	2.354490712752831936e+09	2.235252429809497833e+09
6.821842643025994301e+06	1.045767770229145698e+07	8.516927658653620631e+06	1.295881417350066639e+07	6.859102078323635273e+06	7.104075289459466003e+06	6.962062589742277749e+06	6.934083342481092550e+06	9.317704465801205486e+06	7.164537023447935469e+06	9.328429275870302692e+06	9.510102258880469948e+06	0.000000000000000000e+00	1.210084068998495862e+07	1.122433646772701479e+07	9.317758094147449359e+06	1.033344606828817353e+07	1.312587502367973328e+07	1.417207790975557454e+07	1.174073430973583832e+07	6.689620823492242023e+06	6.950566887751614675e+06	6.357418896200820804e+06	5.959445575688808225e+06	6.682328031325078569e+06	2.447219894329677582e+09	2.587585822811075687e+09	2.507261347777149200e+09	2.356160068292266369e+09	2.237791353031895638e+09
7.285164563203880563e+06	1.011254383564166725e+07	8.554159185320254415e+06	1.179631269705638662e+07	7.999801212619100697e+06	8.183013969355703332e+06	8.459215481914781034e+06	8.483761392601061612e+06	1.013217348057308048e+07	9.549120321891408414e+06	9.521993474349644035e+06	1.054184581037526019e+07	1.210084068998495862e+07	0.000000000000000000e+00	1.096941409665445238e+07	1.157558618892034516e+07	1.047969474542646483e+07	1.345634020633137599e+07	1.718243039483893290e+07	1.249518436905121058e+07	6.931005888325945474e+06	7.053538886253791861e+06	7.020507864244522527e+06	7.843576452348421328e+06	6.408636575751063414e+06	2.447918324032817364e+09	2.589587019775516510e+09	2.505875268245306015e+09	2.356332913645666122e+09	2.239173719477378368e+09
7.627986054862042889e+06	1.062354597554407641e+07	8.533544057922510430e+06	1.338548671668668836e+07	9.565831111420555040e+06	7.002385637584653683e+06	7.641950347714970820e+06	8.524113833922185004e+06	9.746881470405109227e+06	9.650534606674151495e+06	7.706104889335009269e+06	1.224425728878458589e+07	1.122433646772701479e+07	1.096941409665445238e+07	0.000000000000000000e+00	1.183222462324380688e+07	1.127374889186020382e+07	1.504991438922066242e+07	1.534407692788155377e+07	1.287173382654531114e+07	6.710064379602032714e+06	7.502390622063178569e+06	7.824930975677358918e+06	8.906923949983911589e+06	7.139367574558149092e+06	2.447796075627744198e+09	2.585635587231013298e+09	2.503499286413918972e+09	2.354342119002465248e+09	2.241060222251383781e+09
5.797155146769115701e+06	8.959805289177810773e+06	7.669477491971361451e+06	1.191129046937720105e+07	6.449262388916709460e+06	7.307215435395498760e+06	7.609790154471591115e+06	6.156679008472110145e+06	9.576338589599156752e+06	6.291419695123184472e+06	8.692780625705074519e+06	6.932970567728298716e+06	9.317758094147449359e+06	1.157558618892034516e+07	1.183222462324380688e+07	0.000000000000000000e+00	9.967372935245133936e+06	1.057194964622105658e+07	1.631429225314506516e+07	1.080548932963884994e+07	6.150356998847875744e+06	5.855686635634330101e+06	4.880247582233613357e+06	5.666841262011358514e+06	5.431252853889836930e+06	2.446245296289753437e+09	2.587754164324921608e+09	2.504671839507036209e+09	2.354810056063395500e+09	2.237389786129469395e+09
5.872960265489554964e+06	9.261278815770506859e+06	8.343899970059320331e+06	1.272439081075631827e+07	8.183307348636250943e+06	7.688883763324820437e+06	7.499381848572888412e+06	7.540110194429730065e+06	9.090547977663584054e+06	8.789156532209595665e+06	8.332213434936320409e+06	1.049687354340822063e+07	1.033344606828817353e+07	1.047969474542646483e+07	1.127374889186020382e+07	9.967372935245133936e+06	0.000000000000000000e+00	1.289435396943680942e+07	1.604430436425880529e+07	1.171442044515552185e+07	6.233582756365024485e+06	6.194824799765937030e+06	6.049382034120053053e+06	6.431709029758558609e+06	5.591020034708100371e+06	2.447321922711487770e+09	2.587650918235005856e+09	2.508945010939112186e+09	2.352178453787558079e+09	2.237097214474558830e+09
8.196273401000596583e+06	1.174122802635138854e+07	1.032211844411115348e+07	1.336737624305372313e+07	9.799390051473239437e+06	1.058549399534898810e+07	1.088005115283136629e+07	1.073779672213238291e+07	1.174565019678824767e+07	1.010912194744017906e+07	1.167987971673368290e+07	1.085018107787876762e+07	1.312587502367973328e+07	1.345634020633137599e+07	1.504991438922066242e+07	1.057194964622105658e+07	1.289435396943680942e+07	0.000000000000000000e+00	1.976875056137574837e+07	1.476633944100095704e+07	8.439124178851962090e+06	8.421507195785088465e+06	7.643563798282075673e+06	8.710300970006665215e+06	8.809182787183634937e+06	2.449287581621904850e+09	2.592523786912492752e+09	2.511169374651876926e+09	2.357519379293560028e+09	2.236578343216658592e+09
1.092196786940874346e+07	1.540142368666389398e+07	1.153896194162695669e+07	1.920940559861589968e+07	1.306386363553826138e+07	1.152939266688307934e+07	1.053338345767461136e+07	1.106544211532608233e+07	1.412979034486316331e+07	1.222795989610827528e+07	1.330813834074849449e+07	1.312758296309486590e+07	1.417207790975557454e+07	1.718243039483893290e+07	1.534407692788155377e+07	1.631429225314506516e+07	1.604430436425880529e+07	1.976875056137574837e+07	0.000000000000000000e+00	1.708789174225663394e+07	1.073853184039375931e+07	1.198406645272697508e+07	1.171362505724936724e+07	1.239792507130402699e+07	1.130650676139417849e+07	2.451395538272587299e+09	2.585891569930811882e+09	2.504766587696465015e+09	2.360101074502286434e+09	2.245948594636677265e+09
8.357272063689628616e+06	1.202810928317167982e+07	9.924551186978494748e+06	1.438736435391675867e+07	9.160891363127615303e+06	8.923550654989067465e+06	9.186887646930517629e+06	9.103421024064732715e+06	1.057550902790735289e+07	9.035244780269935727e+06	1.065349401258898526e+07	1.049126617085459828e+07	1.174073430973583832e+07	1.249518436905121058e+07	1.287173382654531114e+07	1.080548932963884994e+07	1.171442044515552185e+07	1.476633944100095704e+07	1.708789174225663394e+07	0.000000000000000000e+00	8.113823441536284983e+06	8.488855990926664323e+06	7.719602840711968020e+06	8.512022355832796544e+06	7.474384079299842007e+06	2.448606803771699429e+09	2.588599223721979618e+09	2.506565040132157326e+09	2.356270669045966148e+09	2.240207118438215733e+09
2.693457381703290157e+06	5.689024399663428776e+06	3.849668143327472266e+06	8.736850251586422324e+06	3.711515472263352480e+06	3.489650121261907276e+06	3.323381826221437659e+06	3.595685138063122518e+06	5.445594222011718899e+06	4.169604566666096915e+06	4.848862500357950106e+06	5.548523350705780089e+06	6.689620823492242023e+06	6.931005888325945474e+06	6.710064379602032714e+06	6.150356998847875744e+06	6.233582756365024485e+06	8.439124178851962090e+06	1.073853184039375931e+07	8.113823441536284983e+06	0.000000000000000000e+00	2.834438934113520198e+06	2.263119937657080591e+06	3.250887731227723882e+06	2.225308225185842253e+06	2.443047485426709652e+09	2.583975777582868099e+09	2.501211994238300323e+09	2.349916933788624763e+09	2.233685401943789482e+09
2.284869919904468581e+06	5.111379338769366033e+06	3.779576111519361380e+06	8.731491020748313516e+06	4.325757358533605002e+06	3.531742574636567384e+06	3.926158770024372730e+06	3.682053358214801177e+06	4.854833003207816742e+06	4.573823542794702575e+06	5.161319582113093697e+06	5.189422832342488691e+06	6.950566887751614675e+06	7.053538886253791861e+06	7.502390622063178569e+06	5.855686635634330101e+06	6.194824799765937030e+06	8.421507195785088465e+06	1.198406645272697508e+07	8.488855990926664323e+06	2.834438934113520198e+06	0.000000000000000000e+00	2.170844104875925928e+06	3.040124797575171571e+06	2.393929730163441971e+06	2.443067755871404648e+09	2.585355339486755371e+09	2.502052823724041462e+09	2.351208411859858990e+09	2.233933013882619858e+09
2.126340487819597591e+06	5.769205867014809512e+06	3.506442757082535885e+06	8.634885133669309318e+06	3.334137840879178606e+06	3.558761869868997484e+06	3.430332769113347866e+06	3.261292438206931110e+06	4.842097364935169928e+06	4.175374522450645920e+06	5.058546834802916273e+06	4.468124851671398617e+06	6.357418896200820804e+06	7.020507864244522527e+06	7.824930975677358918e+06	4.880247582233613357e+06	6.049382034120053053e+06	7.643563798282075673e+06	1.171362505724936724e+07	7.719602840711968020e+06	2.263119937657080591e+06	2.170844104875925928e+06	0.000000000000000000e+00	2.416494364078591112e+06	1.962571693211325444e+06	2.442872116265831470e+09	2.585397311112533569e+09	2.501807885120582581e+09	2.350146231263081551e+09	2.232451193949645996e+09
3.275875092748444993e+06	6.574548319097680040e+06	4.248430989747763611e+06	9.351685932730734348e+06	3.609009477589900605e+06	4.428961113786457106e+06	4.441622450971000828e+06	3.691866979669477325e+06	6.223660473093275912e+06	4.433662144847000949e+06	6.162500540893220343e+06	4.801898529987161979e+06	5.959445575688808225e+06	7.843576452348421328e+06	8.906923949983911589e+06	5.666841262011358514e+06	6.431709029758558609e+06	8.710300970006665215e+06	1.239792507130402699e+07	8.512022355832796544e+06	3.250887731227723882e+06	3.040124797575171571e+06	2.416494364078591112e+06	0.000000000000000000e+00	2.750234687901054975e+06	2.444257135525514126e+09	2.586449628557721138e+09	2.503127029417487621e+09	2.351322384560569286e+09	2.233938968813482285e+09
2.129539816227004398e+06	5.343335495842781849e+06	4.027698096584206447e+06	8.263246552728737704e+06	3.853307895761618391e+06	3.613636506198957562e+06	3.586415761012817733e+06	3.352772592076401692e+06	4.771067006942205131e+06	4.087378910234729294e+06	4.850761376227417961e+06	4.827013930117343552e+06	6.682328031325078569e+06	6.408636575751063414e+06	7.139367574558149092e+06	5.431252853889836930e+06	5.591020034708100371e+06	8.809182787183634937e+06	1.130650676139417849e+07	7.474384079299842007e+06	2.225308225185842253e+06	2.393929730163441971e+06	1.962571693211325444e+06	2.750234687901054975e+06	0.000000000000000000e+00	2.443173546827709675e+09	2.584253162460323334e+09	2.501518067978444576e+09	2.350232214558856487e+09	2.232776767385352135e+09
2.442919347703502178e+09	2.447347728721064568e+09	2.444713953383026123e+09	2.449421068868935108e+09	2.444394456500382423e+09	2.444036397697315693e+09	2.444173008169871807e+09	2.444208747661640167e+09	2.445913359313707829e+09	2.444433007827883720e+09	2.445531930981469154e+09	2.446267081865170956e+09	2.447219894329677582e+09	2.447918324032817364e+09	2.447796075627744198e+09	2.446245296289753437e+09	2.447321922711487770e+09	2.449287581621904850e+09	2.451395538272587299e+09	2.448606803771699429e+09	2.443047485426709652e+09	2.443067755871404648e+09	2.442872116265831470e+09	2.444257135525514126e+09	2.443173546827709675e+09	0.000000000000000000e+00	4.777611174719167352e+08	4.496227582275683433e+07	2.517478900706067085e+08	4.735070256703823060e+07
2.585302153356083870e+09	2.588895336916525841e+09	2.586893483190478325e+09	2.586678228047581673e+09	2.584841185349763870e+09	2.583300387416977882e+09	2.582425683310635567e+09	2.585004956221359730e+09	2.586139555920988560e+09	2.584863139300932407e+09	2.584843450154050827e+09	2.587701733376884937e+09	2.587585822811075687e+09	2.589587019775516510e+09	2.585635587231013298e+09	2.587754164324921608e+09	2.587650918235005856e+09	2.592523786912492752e+09	2.585891569930811882e+09	2.588599223721979618e+09	2.583975777582868099e+09	2.585355339486755371e+09	2.585397311112533569e+09	2.586449628557721138e+09	2.584253162460323334e+09	4.777611174719167352e+08	0.000000000000000000e+00	5.098681398292031288e+08	7.001373576098958254e+08	5.248245847124693990e+08
2.503825246226270676e+09	2.506611744033840179e+09	2.503165239662824631e+09	2.503932267032766342e+09	2.503029693969387531e+09	2.502537483960571766e+09	2.500771001919788837e+09	2.501659211189762115e+09	2.504112142677271843e+09	2.502056232697311878e+09	2.502687162930442333e+09	2.502908135107416153e+09	2.507261347777149200e+09	2.505875268245306015e+09	2.503499286413918972e+09	2.504671839507036209e+09	2.508945010939112186e+09	2.511169374651876926e+09	2.504766587696465015e+09	2.506565040132157326e+09	2.501211994238300323e+09	2.502052823724041462e+09	2.501807885120582581e+09	2.503127029417487621e+09	2.501518067978444576e+09	4.496227582275683433e+07	5.098681398292031288e+08	0.000000000000000000e+00	2.936820039136243463e+08	8.249284996914768219e+07
2.349918943306943893e+09	2.352181836042892456e+09	2.352969236337058067e+09	2.353276422463285446e+09	2.350849284470782280e+09	2.350837605782050610e+09	2.349490911956576824e+09	2.351987982882215500e+09	2.352011390667754650e+09	2.353343342397764206e+09	2.351938510307491302e+09	2.354490712752831936e+09	2.356160068292266369e+09	2.356332913645666122e+09	2.354342119002465248e+09	2.354810056063395500e+09	2.352178453787558079e+09	2.357519379293560028e+09	2.360101074502286434e+09	2.356270669045966148e+09	2.349916933788624763e+09	2.351208411859858990e+09	2.350146231263081551e+09	2.351322384560569286e+09	2.350232214558856487e+09	2.517478900706067085e+08	7.001373576098958254e+08	2.936820039136243463e+08	0.000000000000000000e+00	2.651290502170531154e+08
2.234263487311512470e+09	2.239940893445823669e+09	2.238595008558220863e+09	2.238492763580423355e+09	2.233728012651316643e+09	2.236754750517050266e+09	2.236504495809847832e+09	2.235267431213441372e+09	2.234298420959824562e+09	2.234454427171001911e+09	2.237696559174010277e+09	2.235252429809497833e+09	2.237791353031895638e+09	2.239173719477378368e+09	2.241060222251383781e+09	2.237389786129469395e+09	2.237097214474558830e+09	2.236578343216658592e+09	2.245948594636677265e+09	2.240207118438215733e+09	2.233685401943789482e+09	2.233933013882619858e+09	2.232451193949645996e+09	2.233938968813482285e+09	2.232776767385352135e+09	4.735070256703823060e+07	5.248245847124693990e+08	8.249284996914768219e+07	2.651290502170531154e+08	0.000000000000000000e+00
